Station :0,700
Number of segments :1
   Segment 1
       2,456    2,314
       2,343    1,913
       2,230    1,511
       2,118    1,109
       2,005    0,707 (knuckle)
       1,823    0,707 (knuckle)
       1,519    0,618
       1,214    0,529
       1,062    0,485
       0,757    0,396
       0,453    0,307
       0,000    0,174
-------------------------------

Station :1,400
Number of segments :1
   Segment 1
       2,463    2,329
       2,349    1,924
       2,236    1,519
       2,123    1,113
       2,009    0,707 (knuckle)
       1,827    0,707 (knuckle)
       1,522    0,616
       1,216    0,525
       0,909    0,433
       0,603    0,341
       0,451    0,296
       0,150    0,206
       0,000    0,161
-------------------------------

Station :2,100
Number of segments :1
   Segment 1
       2,469    2,344
       2,355    1,935
       2,242    1,526
       2,128    1,117
       2,013    0,707 (knuckle)
       1,830    0,707 (knuckle)
       1,525    0,614
       1,218    0,520
       0,909    0,426
       0,299    0,239
       0,000    0,148
-------------------------------

Station :2,800
Number of segments :1
   Segment 1
       2,476    2,359
       2,361    1,947
       2,247    1,534
       2,132    1,121
       2,017    0,707 (knuckle)
       1,834    0,707 (knuckle)
       1,528    0,612
       1,374    0,564
       1,064    0,467
       0,754    0,370
       0,448    0,275
       0,149    0,181
       0,000    0,135
-------------------------------

Station :3,500
Number of segments :1
   Segment 1
       0,000    0,122
       0,297    0,216
       0,599    0,313
       0,908    0,411
       1,221    0,511
       1,530    0,609
       1,836    0,707 (knuckle)
       2,020    0,707 (knuckle)
       2,135    1,125
       2,189    1,318
       2,251    1,542
       2,366    1,959
       2,481    2,375
-------------------------------

Station :4,200
Number of segments :1
   Segment 1
       2,486    2,391
       2,370    1,971
       2,254    1,551
       2,138    1,129
       2,021    0,707 (knuckle)
       1,838    0,707 (knuckle)
       1,684    0,657
       1,376    0,557
       1,065    0,456
       0,751    0,354
       0,597    0,304
       0,296    0,205
       0,000    0,109
-------------------------------

Station :4,900
Number of segments :1
   Segment 1
       2,488    2,409
       2,371    1,985
       2,254    1,560
       2,138    1,135
       2,021    0,709 (knuckle)
       1,837    0,709 (knuckle)
       1,684    0,658
       1,375    0,555
       1,063    0,451
       0,750    0,347
       0,595    0,295
       0,294    0,195
       0,000    0,096
-------------------------------

Station :5,600
Number of segments :1
   Segment 1
       2,486    2,427
       2,369    1,999
       2,252    1,571
       2,134    1,142
       2,017    0,713 (knuckle)
       1,833    0,713 (knuckle)
       1,527    0,608
       0,903    0,394
       0,593    0,287
       0,293    0,184
       0,000    0,084
-------------------------------

Station :6,300
Number of segments :1
   Segment 1
       2,479    2,446
       2,362    2,015
       2,244    1,583
       2,127    1,152
       2,010    0,720 (knuckle)
       1,826    0,720 (knuckle)
       1,520    0,611
       1,211    0,501
       0,898    0,390
       0,589    0,280
       0,291    0,174
       0,000    0,071
-------------------------------

Station :7,000
Number of segments :1
   Segment 1
       0,000    0,057
       0,288    0,164
       0,434    0,219
       0,735    0,331
       1,046    0,446
       1,356    0,561
       1,662    0,675
       1,814    0,731 (knuckle)
       1,998    0,732 (knuckle)
       2,115    1,165
       2,232    1,598
       2,304    1,867
       2,348    2,032
       2,464    2,465
-------------------------------

Station :7,700
Number of segments :1
   Segment 1
       2,440    2,484
       2,324    2,051
       2,209    1,617
       2,094    1,183
       2,030    0,940
       1,978    0,750 (knuckle)
       1,794    0,750 (knuckle)
       1,643    0,690
       1,339    0,571
       1,032    0,450
       0,725    0,330
       0,428    0,212
       0,141    0,099
       0,000    0,043
-------------------------------

Station :8,400
Number of segments :1
   Segment 1
       2,405    2,504
       2,289    2,071
       2,174    1,639
       2,058    1,208
       1,943    0,776 (knuckle)
       1,759    0,776 (knuckle)
       1,460    0,650
       1,159    0,524
       0,857    0,396
       0,708    0,332
       0,418    0,208
       0,138    0,088
       0,000    0,029
-------------------------------

Station :9,100
Number of segments :1
   Segment 1
       2,358    2,524
       2,239    2,094
       2,120    1,665
       2,001    1,238
       1,882    0,813 (knuckle)
       1,699    0,812 (knuckle)
       1,408    0,679
       1,117    0,545
       0,971    0,477
       0,681    0,341
       0,402    0,209
       0,133    0,080
       0,000    0,016
-------------------------------

Station :9,800
Number of segments :1
   Segment 1
       0,000    0,007
       0,124    0,077
       0,377    0,216
       0,640    0,358
       0,912    0,504
       1,050    0,577
       1,324    0,720
       1,600    0,860 (knuckle)
       1,783    0,861 (knuckle)
       1,795    0,896
       1,913    1,277
       2,041    1,696
       2,168    2,119
       2,293    2,544
-------------------------------

Station :10,500
Number of segments :1
   Segment 1
       2,205    2,565
       2,067    2,147
       1,926    1,733
       1,781    1,325
       1,704    1,111
       1,626    0,923 (knuckle)
       1,447    0,923 (knuckle)
       1,197    0,774
       0,949    0,622
       0,825    0,544
       0,579    0,387
       0,340    0,232
       0,112    0,080
       0,000    0,004
-------------------------------

Station :11,200
Number of segments :1
   Segment 1
       2,078    2,587
       1,919    2,179
       1,757    1,777
       1,596    1,396
       1,590    1,383
       1,402    1,000 (knuckle)
       1,231    1,000 (knuckle)
       1,123    0,922
       0,912    0,763
       0,700    0,598
       0,489    0,429
       0,285    0,262
       0,187    0,180
       0,092    0,099
       0,000    0,017
-------------------------------

Station :11,900
Number of segments :1
   Segment 1
       0,000    0,075
       0,052    0,156
       0,116    0,238
       0,262    0,407
       0,340    0,496
       0,422    0,586
       0,505    0,675
       0,590    0,762
       0,675    0,847
       0,760    0,931
       0,847    1,013
       0,936    1,094 (knuckle)
       1,089    1,094 (knuckle)
       1,299    1,455
       1,478    1,762
       1,511    1,829
       1,699    2,215
       1,887    2,611
-------------------------------

Station :12,600
Number of segments :1
   Segment 1
       0,000    0,433
       0,042    0,519
       0,088    0,605
       0,192    0,784
       0,248    0,874
       0,307    0,961
       0,370    1,046
       0,502    1,213 (knuckle)
       0,610    1,213 (knuckle)
       0,858    1,544
       0,910    1,610
       1,103    1,893
       1,343    2,229
       1,359    2,257
       1,579    2,635
-------------------------------

Station :13,300
Number of segments :1
   Segment 1
       1,027    2,659
       0,724    2,306
       0,722    2,304
       0,418    1,973
       0,328    1,865
       0,154    1,657
       0,000    1,446
-------------------------------

