Station :0,000
Number of segments :1
   Segment 1
       0,000    0,509
       0,000    2,566 (knuckle)
       0,486    2,550
       0,705    2,538
       0,896    2,520
       1,050    2,496
       1,176    2,468
       1,283    2,436
       1,380    2,402 (knuckle)
       1,411    2,325
       1,438    2,245
       1,459    2,157
       1,469    2,058
       1,466    1,946
       1,458    1,887
       1,444    1,827
       1,425    1,768
       1,399    1,710
       1,367    1,654
       1,327    1,602
       1,279    1,554
       1,225    1,510
       1,164    1,468
       1,031    1,393
       0,818    1,287
       0,680    1,215
       0,551    1,141
       0,433    1,068
       0,329    0,997
       0,241    0,929
       0,165    0,864
       0,034    0,739 (knuckle)
       0,034   -0,404 (knuckle)
       0,000   -0,404 (knuckle)
       0,000    0,509
-------------------------------

Station :1,438
Number of segments :1
   Segment 1
       0,000   -0,392
       0,051   -0,392 (knuckle)
       0,051    0,269 (knuckle)
       0,067    0,288
       0,109    0,329
       0,176    0,387
       0,275    0,462
       0,366    0,521
       0,448    0,569
       0,528    0,615
       0,834    0,782
       0,983    0,864
       1,129    0,947
       1,274    1,033
       1,345    1,077
       1,413    1,122
       1,478    1,170
       1,539    1,219
       1,596    1,271
       1,646    1,326
       1,690    1,384
       1,726    1,445
       1,756    1,510
       1,779    1,575
       1,796    1,642
       1,809    1,707
       1,817    1,772
       1,821    1,834
       1,822    1,892
       1,821    1,946
       1,817    1,996
       1,805    2,087
       1,787    2,169
       1,767    2,246
-------------------------------

Station :2,875
Number of segments :1
   Segment 1
       0,000   -0,380
       0,064   -0,380 (knuckle)
       0,064    0,031 (knuckle)
       0,154    0,082
       0,249    0,132
       0,347    0,179
       0,448    0,225
       0,549    0,269
       0,850    0,396
       1,038    0,478
       1,128    0,520
       1,216    0,562
       1,300    0,605
       1,382    0,649
       1,461    0,695
       1,537    0,743
       1,610    0,792
       1,680    0,844
       1,746    0,898
       1,808    0,954
       1,865    1,012
       1,916    1,073
       1,962    1,137
       2,001    1,204
       2,033    1,273
       2,059    1,344
       2,080    1,416
       2,095    1,488
       2,106    1,558
       2,114    1,627
       2,118    1,692
       2,120    1,754
       2,119    1,862
       2,113    1,956
       2,104    2,039
       2,093    2,117
-------------------------------

Station :4,313
Number of segments :1
   Segment 1
       0,000   -0,367
       0,068   -0,367 (knuckle)
       0,068   -0,070 (knuckle)
       0,188   -0,031
       0,548    0,084
       0,783    0,161
       1,011    0,237
       1,228    0,314
       1,331    0,354
       1,430    0,395
       1,525    0,438
       1,616    0,483
       1,701    0,530
       1,782    0,580
       1,858    0,633
       1,928    0,689
       1,992    0,748
       2,051    0,809
       2,105    0,874
       2,152    0,940
       2,193    1,010
       2,228    1,081
       2,257    1,155
       2,280    1,231
       2,298    1,306
       2,311    1,381
       2,321    1,455
       2,327    1,526
       2,334    1,657
       2,336    1,769
       2,334    1,865
       2,326    2,030
-------------------------------

Station :5,750
Number of segments :1
   Segment 1
       0,000   -0,355
       0,069   -0,355 (knuckle)
       0,069   -0,127 (knuckle)
       0,326   -0,059
       0,581    0,010
       0,831    0,079
       1,075    0,150
       1,194    0,186
       1,309    0,223
       1,422    0,261
       1,530    0,301
       1,633    0,343
       1,732    0,387
       1,824    0,435
       1,910    0,486
       1,990    0,540
       2,063    0,598
       2,129    0,659
       2,188    0,723
       2,241    0,790
       2,288    0,860
       2,328    0,933
       2,362    1,007
       2,390    1,084
       2,412    1,162
       2,429    1,240
       2,442    1,317
       2,452    1,393
       2,459    1,466
       2,466    1,600
       2,470    1,714
       2,471    1,812
       2,470    1,981
-------------------------------

Station :7,188
Number of segments :1
   Segment 1
       0,000   -0,343
       0,069   -0,343 (knuckle)
       0,069   -0,158 (knuckle)
       0,318   -0,096
       0,567   -0,034
       0,813    0,030
       1,055    0,097
       1,175    0,131
       1,293    0,166
       1,408    0,204
       1,520    0,243
       1,628    0,284
       1,731    0,329
       1,829    0,377
       1,921    0,428
       2,006    0,483
       2,084    0,542
       2,155    0,605
       2,220    0,671
       2,277    0,740
       2,328    0,812
       2,372    0,887
       2,408    0,964
       2,439    1,043
       2,463    1,124
       2,482    1,205
       2,496    1,285
       2,507    1,363
       2,515    1,438
       2,524    1,577
       2,530    1,694
       2,533    1,795
       2,535    1,967
-------------------------------

Station :8,625
Number of segments :1
   Segment 1
       0,000   -0,332
       0,069   -0,332 (knuckle)
       0,069   -0,172 (knuckle)
       0,295   -0,117
       0,522   -0,060
       0,749   -0,001
       0,977    0,062
       1,092    0,096
       1,205    0,130
       1,318    0,167
       1,428    0,207
       1,536    0,248
       1,641    0,293
       1,741    0,342
       1,836    0,394
       1,926    0,450
       2,010    0,511
       2,087    0,575
       2,158    0,642
       2,222    0,713
       2,279    0,787
       2,328    0,865
       2,371    0,944
       2,405    1,027
       2,434    1,111
       2,456    1,195
       2,473    1,278
       2,486    1,360
       2,495    1,439
       2,507    1,583
       2,515    1,705
       2,519    1,808
       2,524    1,984
-------------------------------

Station :10,063
Number of segments :1
   Segment 1
       0,000   -0,322
       0,069   -0,322 (knuckle)
       0,069   -0,176 (knuckle)
       0,263   -0,125
       0,459   -0,071
       0,658   -0,015
       0,862    0,047
       1,071    0,115
       1,176    0,153
       1,280    0,193
       1,383    0,236
       1,484    0,282
       1,583    0,332
       1,677    0,386
       1,768    0,444
       1,854    0,506
       1,935    0,571
       2,010    0,641
       2,078    0,714
       2,140    0,790
       2,195    0,870
       2,243    0,952
       2,282    1,037
       2,314    1,124
       2,340    1,212
       2,360    1,299
       2,376    1,384
       2,388    1,466
       2,404    1,616
       2,415    1,743
       2,422    1,850
       2,431    2,031
-------------------------------

Station :11,500
Number of segments :1
   Segment 1
       0,000   -0,309
       0,069   -0,309 (knuckle)
       0,069   -0,171 (knuckle)
       0,301   -0,092
       0,463   -0,037
       0,631    0,023
       0,808    0,090
       0,900    0,127
       0,992    0,166
       1,085    0,208
       1,178    0,253
       1,269    0,302
       1,359    0,354
       1,447    0,410
       1,532    0,471
       1,614    0,535
       1,692    0,603
       1,765    0,675
       1,833    0,751
       1,896    0,829
       1,952    0,911
       2,002    0,995
       2,045    1,083
       2,080    1,172
       2,110    1,261
       2,134    1,350
       2,154    1,437
       2,170    1,521
       2,193    1,676
       2,209    1,807
       2,221    1,918
       2,237    2,109
-------------------------------

Station :12,937
Number of segments :1
   Segment 1
       0,000   -0,287
       0,069   -0,287 (knuckle)
       0,069   -0,149 (knuckle)
       0,175   -0,096
       0,352   -0,011
       0,482    0,053
       0,621    0,126
       0,769    0,210
       0,844    0,256
       0,921    0,305
       0,997    0,357
       1,072    0,413
       1,147    0,473
       1,219    0,537
       1,289    0,605
       1,356    0,676
       1,420    0,751
       1,480    0,829
       1,537    0,910
       1,590    0,994
       1,637    1,080
       1,679    1,169
       1,717    1,259
       1,749    1,349
       1,777    1,438
       1,801    1,526
       1,821    1,611
       1,838    1,692
       1,865    1,838
       1,885    1,964
       1,905    2,126
       1,915    2,225
-------------------------------

Station :14,375
Number of segments :1
   Segment 1
       0,000   -0,242
       0,067   -0,242 (knuckle)
       0,069   -0,101 (knuckle)
       0,093   -0,080
       0,155   -0,031
       0,273    0,061
       0,365    0,137
       0,466    0,226
       0,572    0,329
       0,626    0,385
       0,680    0,444
       0,734    0,507
       0,787    0,572
       0,839    0,641
       0,890    0,714
       0,939    0,789
       0,987    0,867
       1,033    0,948
       1,077    1,032
       1,118    1,118
       1,157    1,207
       1,192    1,297
       1,225    1,389
       1,254    1,481
       1,280    1,572
       1,304    1,662
       1,325    1,749
       1,359    1,910
       1,383    2,051
       1,401    2,174
       1,414    2,287
       1,425    2,393
-------------------------------

Station :15,813
Number of segments :1
   Segment 1
       0,000   -0,158
       0,056   -0,158 (knuckle)
       0,069    0,017 (knuckle)
       0,148    0,148
       0,199    0,242
       0,254    0,356
       0,310    0,484
       0,364    0,625
       0,417    0,775
       0,466    0,933
       0,490    1,016
       0,513    1,101
       0,535    1,189
       0,556    1,279
       0,576    1,372
       0,595    1,467
       0,612    1,564
       0,644    1,758
       0,670    1,945
       0,690    2,116
       0,705    2,265
       0,716    2,395
       0,730    2,625
-------------------------------

